Matrix: 6

1.00000000 1.00000000 1.00000000 1.00000000 1.00000000 1.00000000 |1.00000000

2.00000000 12.00000000 30.00000000 56.00000000 90.00000000 132.00000000 |0.00000000

0.00000000 24.00000000 360.00000000 1680.00000000 5040.00000000 11880.00000000 |0.00000000

0.00000000 0.00000000 720.00000000 20160.00000000 151200.00000000 665280.00000000 |0.00000000

0.00000000 0.00000000 0.00000000 40320.00000000 1814400.00000000 19958400.00000000 |0.00000000

0.00000000 0.00000000 0.00000000 0.00000000 3628800.00000000 239500800.00000000 |0.00000000

s=14
answers:
  1.233701
  -2.536695e-01
  0.020863
  -9.192602e-04
  0.000025
  -4.710638e-07
  6.383758e-09
  -6.563038e-11
  5.292042e-13
  -3.436208e-15

Original answers:
  1.000000
  -1.233701e+00
  0.253670
  -2.086348e-02
  0.000919
  -2.520204e-05
  4.710875e-07
  -6.386603e-09
  6.565963e-11
  -5.294400e-13

Time logger:
matrix_creation: 0 ms
SCR matrix division: 62 ms
algorithm_solve: 16 ms
