Matrix: 6

1.00000000 1.00000000 1.00000000 1.00000000 1.00000000 1.00000000 |-1.00000000

3.00000000 13.00000000 31.00000000 57.00000000 91.00000000 133.00000000 |-1.00000000

3.00000000 37.00000000 391.00000000 1737.00000000 5131.00000000 12013.00000000 |-1.00000000

3.00000000 37.00000000 1111.00000000 21897.00000000 156331.00000000 677293.00000000 |-1.00000000

3.00000000 37.00000000 1111.00000000 62217.00000000 1970731.00000000 20635693.00000000 |-1.00000000

3.00000000 37.00000000 1111.00000000 62217.00000000 5599531.00000000 260136493.00000000 |-1.00000000

b | y
1.000000 0.000000 0.000000 0.000000 0.000000 0.000000 0.000000 0.000000 0.000000 0.000000 |-1.000000

3.000000 1.000000 0.000000 0.000000 0.000000 0.000000 0.000000 0.000000 0.000000 0.000000 |2.000000

3.000000 3.400000 1.000000 0.000000 0.000000 0.000000 0.000000 0.000000 0.000000 0.000000 |-4.800000

3.000000 3.400000 3.459016 1.000000 0.000000 0.000000 0.000000 0.000000 0.000000 0.000000 |11.803279

3.000000 3.400000 3.459016 3.466426 1.000000 0.000000 0.000000 0.000000 0.000000 0.000000 |-29.111913

3.000000 3.400000 3.459016 3.466426 3.467291 1.000000 0.000000 0.000000 0.000000 0.000000 |71.827557

3.000000 3.400000 3.459016 3.466426 3.467291 3.467389 1.000000 0.000000 0.000000 0.000000 |-177.226507

3.000000 3.400000 3.459016 3.466426 3.467291 3.467389 3.467400 1.000000 0.000000 0.000000 |437.288635

3.000000 3.400000 3.459016 3.466426 3.467291 3.467389 3.467400 3.467401 1.000000 0.000000 |-1078.966392

3.000000 3.400000 3.459016 3.466426 3.467291 3.467389 3.467400 3.467401 3.467401 1.000000 |2662.242844

c | f
1.000000 1.000000 1.000000 1.000000 1.000000 1.000000 1.000000 1.000000 1.000000 1.000000 |-1.000000

0.000000 10.000000 28.000000 54.000000 88.000000 130.000000 180.000000 238.000000 304.000000 378.000000 |-1.000000

0.000000 0.000000 292.800000 1550.400000 4828.800000 11568.000000 23592.000000 43108.800000 72710.400000 115372.800000 |-1.000000

0.000000 0.000000 0.000000 16347.540984 139325.901639 636834.098361 2104146.885246 5659754.754098 13187283.934426 27623496.393443 |-1.000000

0.000000 0.000000 0.000000 0.000000 1470762.974729 18387695.826715 115891237.429603 504959033.761733 1731797100.129964 5010979090.483754 |-1.000000

0.000000 0.000000 0.000000 0.000000 0.000000 194133006.710081 3346491412.664041 27813549606.698204 154516183296.197632 658079030042.952393 |-1.000000

0.000000 0.000000 0.000000 0.000000 0.000000 0.000000 35332050280.571785 803156072138.687622 8510934207463.314453 58716094745678.476562 |-1.000000

0.000000 0.000000 0.000000 0.000000 0.000000 0.000000 0.000000 8479687871244.707031 245765694335996.718750 3234154490793648.500000 |-1.000000

0.000000 0.000000 0.000000 0.000000 0.000000 0.000000 0.000000 0.000000 2594784345796756.000000 93390961152419488.000000 |-1.000000

0.000000 0.000000 0.000000 0.000000 0.000000 0.000000 0.000000 0.000000 0.000000 986018045371160448.000000 |-1.000000

s=14
answers:
  1.000000
  -1.233701e+00
  0.253670
  -2.086348e-02
  0.000919
  -2.520203e-05
  4.710638e-07
  -6.383758e-09
  6.563038e-11
  -5.292042e-13

Original answers:
  1.000000
  -1.233701e+00
  0.253670
  -2.086348e-02
  0.000919
  -2.520204e-05
  4.710875e-07
  -6.386603e-09
  6.565963e-11
  -5.294400e-13

Time logger:
matrix_creation: 15 ms
SCR matrix division: 79 ms
algorithm_solve: 15 ms
