Matrix: 2
Gaussian matrix example 2

1.00000000 1.00000000 1.00000000 1.00000000 1.00000000 1.00000000 |1.77777778

0.00000000 1.00000000 1.00000000 1.00000000 1.00000000 1.00000000 |0.44444444

0.00000000 0.00000000 1.00000000 1.00000000 1.00000000 1.00000000 |0.11111111

0.00000000 0.00000000 0.00000000 1.00000000 1.00000000 1.00000000 |0.02777778

0.00000000 0.00000000 0.00000000 0.00000000 1.00000000 1.00000000 |0.00694444

0.00000000 0.00000000 0.00000000 0.00000000 0.00000000 1.00000000 |0.00173611

s=14
answers:
  1.333333
  0.333333
  0.083333
  0.020833
  0.005208
  0.001302
  0.000326
  0.000081
  0.000020
  0.000005

Original answers:
  1.333333
  0.333333
  0.083333
  0.020833
  0.005208
  0.001302
  0.000326
  0.000081
  0.000020
  0.000005

Time logger:
matrix_creation: 0 ms
algorithm_solve: 0 ms
