Matrix: 2
Gaussian matrix example 2

1.00000000 1.00000000 1.00000000 1.00000000 1.00000000 1.00000000 |16.00000000

0.00000000 1.00000000 1.00000000 1.00000000 1.00000000 1.00000000 |12.00000000

0.00000000 0.00000000 1.00000000 1.00000000 1.00000000 1.00000000 |9.00000000

0.00000000 0.00000000 0.00000000 1.00000000 1.00000000 1.00000000 |6.75000000

0.00000000 0.00000000 0.00000000 0.00000000 1.00000000 1.00000000 |5.06250000

0.00000000 0.00000000 0.00000000 0.00000000 0.00000000 1.00000000 |3.79687500

s=44
answers:
  4.000000
  3.000000
  2.250000
  1.687500
  1.265625
  0.949219
  0.711914
  0.533936
  0.400452
  0.300339

Original answers:
  4.000000
  3.000000
  2.250000
  1.687500
  1.265625
  0.949219
  0.711914
  0.533936
  0.400452
  0.300339

Time logger:
matrix_creation: 16 ms
algorithm_solve: 656 ms
