Matrix: 3
Gaussian full example 1

1.00000000 1.00000000 1.00000000 1.00000000 1.00000000 1.00000000 |4.00000000

1.00000000 2.00000000 2.00000000 2.00000000 2.00000000 2.00000000 |6.00000000

1.00000000 2.00000000 3.00000000 3.00000000 3.00000000 3.00000000 |7.00000000

1.00000000 2.00000000 3.00000000 4.00000000 4.00000000 4.00000000 |7.50000000

1.00000000 2.00000000 3.00000000 4.00000000 5.00000000 5.00000000 |7.75000000

1.00000000 2.00000000 3.00000000 4.00000000 5.00000000 6.00000000 |7.87500000

s=79
answers:
  2.000000
  1.000000
  0.500000
  0.250000
  0.125000
  0.062500
  0.031250
  0.015625
  0.007812
  0.003906

s=43
answer[40]:
  1.818989e-12

Original answers:
  2.000000
  1.000000
  0.500000
  0.250000
  0.125000
  0.062500
  0.031250
  0.015625
  0.007812
  0.003906

Original answers[40]:
  1.818989e-12

Time logger:
matrix_creation: 0 ms
SCR matrix division: 110 ms
algorithm_solve: 15 ms
