Matrix: 5
0.708140191937003 -0.010000000000000002 0.0014792899408284025 -0.0004 0.000148720999405116 -6.718624025799517e-05 3.460207612456747e-05 -1.9578667084344897e-05 1.1890606420927467e-05 -7.631024693995909e-06 |1.0

1.518140191937003 -1.4396988901846 0.07154849409307754 -0.024478478002378123 0.010148720999405118 -0.00486008564854202 0.0025910974681205273 -0.0014988686079127475 0.0009240116820481515 -0.0005993037785289119 |1.0

2.4426964049547544 -1.980356329630967 2.285052606819894 -0.13861288267732333 0.06577349850029511 -0.0341807837157216 0.019197538110059094 -0.01149886860791275 0.007263011235782582 -0.004794047261575436 |1.0

3.4030964049547543 -2.6940899800471385 2.723511335819164 -3.1375064870464198 0.2078445044174549 -0.11726036849080809 0.06971937970588438 -0.04347979460290449 0.028279432229445265 -0.019077212044442775 |1.0

4.378854882051721 -3.5040899800471386 3.3074380001125068 -3.5257313391174256 3.9921362398072935 -0.27805342799477833 0.1746953797058844 -0.11354899875515362 0.07620492529007347 -0.0526606767564675 |1.0

5.362528625669027 -4.370421340993884 3.9942929447550286 -4.032340335657218 4.350949101291461 -4.847743326681028 0.34878574831468345 -0.23584677014744876 0.1633018913816856 -0.11568042503903839 |1.0

6.3507985218627985 -5.271854240880262 4.75316742663408 -4.633320892849373 4.8079251012914614 -5.187350936669138 5.703873810398098 -0.4198311552127687 0.29945966869333107 -0.21735717833202522 |1.0

7.341968543007759 -6.196410453898014 5.563167426634081 -5.307637585267723 5.348582540737828 -5.610226742743515 6.029990175158849 -6.560317380693631 0.4910787696638227 -0.3647817260844743 |1.0

8.335083881890043 -7.1369198904098825 6.410270757398006 -6.038713177859019 5.958670195960619 -6.1070798063961025 6.428156686094948 -6.876450100341165 7.416963158542133 -0.5624645663211607 |1.0

9.329566651036284 -8.088862914515069 7.284931822124576 -6.813971952397983 6.6257378235685715 -6.668024865881993 6.892097590331331 -7.255956559356412 7.725415229548051 -8.273747118596917 |1.0

s=11
1.42417106596382714301 0.78324780413779060417 -0.38883994663078008669 0.20467170981395244045 -0.11424104075782391676 0.06585486065980077075 -0.03816533828376054982 0.02151614684848214901 -0.01113983895594006929 0.00451058829073220681 
Time logger:
matrix_creation: 15 ms
algorithm_solve: 156 ms

answers:
1.4138 0.0945 -0.1093 0.0770 -0.0510 0.0371 -0.0264 0.0193 -0.0141 0.0103 -0.0077 0.0051 -0.0041