Matrix: 8
1.0 3.0 5.0 7.0 9.0 11.0 13.0 15.0 17.0 19.0 |1.0

1.0 9.0 65.0 217.0 513.0 1001.0 1729.0 2745.0 4097.0 5833.0 |2.5

1.0 9.0 185.0 2737.0 15633.0 56441.0 156169.0 363105.0 746657.0 1401193.0 |4.75

1.0 9.0 185.0 7777.0 197073.0 1719641.0 8804809.0 32795505.0 98764577.0 255356713.0 |8.125

1.0 9.0 185.0 7777.0 559953.0 21678041.0 268264009.0 1849009905.0 8920377377.0 33777485353.0 |13.1875

1.0 9.0 185.0 7777.0 559953.0 61594841.0 3381774409.0 56335441905.0 502930694177.0 3050769062953.0 |20.78125

1.0 9.0 185.0 7777.0 559953.0 61594841.0 9608795209.0 710172625905.0 15323240198177.0 172002297408553.0 |32.171875

1.0 9.0 185.0 7777.0 559953.0 61594841.0 9608795209.0 2017846993905.0 193166954246177.0 5240548147776553.0 |49.2578125

1.0 9.0 185.0 7777.0 559953.0 61594841.0 9608795209.0 2017846993905.0 548854382342177.0 6.606309835219255e+16 |74.88671875

1.0 9.0 185.0 7777.0 559953.0 61594841.0 9608795209.0 2017846993905.0 548854382342177.0 1.8770819876102454e+17 |113.330078125

s=11
0.54095983953146964396 0.13524031355041921110 0.01014274101504301917 0.00036255363684541500 0.00000788588150091649 0.00000004755986201299 0.00000000045730636551 0.00000000000326647404 0.00000000000001801364 0.00000000000000007901 
Time logger:
matrix_creation: 16 ms
algorithm_solve: 62 ms

answers from formula:
0.54096009906227449093 0.13524002476556862273 0.01014300185741764775 0.00036225006633634456 0.00000754687638200718 0.00000010291195066373 0.00000000098953798715 0.00000000000706812848 0.00000000000003897865 0.00000000000000017096