Matrix: 3
Gaussian full example 1

1.00000000 1.00000000 1.00000000 1.00000000 1.00000000 1.00000000 |16.00000000

1.00000000 2.00000000 2.00000000 2.00000000 2.00000000 2.00000000 |28.00000000

1.00000000 2.00000000 3.00000000 3.00000000 3.00000000 3.00000000 |37.00000000

1.00000000 2.00000000 3.00000000 4.00000000 4.00000000 4.00000000 |43.75000000

1.00000000 2.00000000 3.00000000 4.00000000 5.00000000 5.00000000 |48.81250000

1.00000000 2.00000000 3.00000000 4.00000000 5.00000000 6.00000000 |52.60937500

s=44
answers:
  4.000000
  3.000000
  2.250000
  1.687500
  1.265625
  0.949219
  0.711914
  0.533936
  0.400452
  0.300339

Original answers:
  4.000000
  3.000000
  2.250000
  1.687500
  1.265625
  0.949219
  0.711914
  0.533936
  0.400452
  0.300339

Time logger:
matrix_creation: 0 ms
algorithm_solve: 11297 ms
