Matrix: 3
Gaussian full example 1

1.00000000 1.00000000 1.00000000 1.00000000 1.00000000 1.00000000 |16.00000000

1.00000000 2.00000000 2.00000000 2.00000000 2.00000000 2.00000000 |28.00000000

1.00000000 2.00000000 3.00000000 3.00000000 3.00000000 3.00000000 |37.00000000

1.00000000 2.00000000 3.00000000 4.00000000 4.00000000 4.00000000 |43.75000000

1.00000000 2.00000000 3.00000000 4.00000000 5.00000000 5.00000000 |48.81250000

1.00000000 2.00000000 3.00000000 4.00000000 5.00000000 6.00000000 |52.60937500

s=79
answers:
  4.000000
  3.000000
  2.250000
  1.687500
  1.265625
  0.949219
  0.711914
  0.533936
  0.400452
  0.300339

s=43
answer[40]:
  0.000040

Original answers:
  4.000000
  3.000000
  2.250000
  1.687500
  1.265625
  0.949219
  0.711914
  0.533936
  0.400452
  0.300339

Original answers[40]:
  0.000040

Time logger:
matrix_creation: 16 ms
SCR matrix division: 125 ms
algorithm_solve: 16 ms
