Matrix: 1
Gaussian matrix example 1

1.00000000 1.00000000 1.00000000 1.00000000 1.00000000 1.00000000 |1.00000000

0.00000000 2.00000000 12.00000000 30.00000000 56.00000000 90.00000000 |0.50000000

0.00000000 0.00000000 24.00000000 360.00000000 1680.00000000 5040.00000000 |0.25000000

0.00000000 0.00000000 0.00000000 720.00000000 20160.00000000 151200.00000000 |0.12500000

0.00000000 0.00000000 0.00000000 0.00000000 40320.00000000 1814400.00000000 |0.06250000

0.00000000 0.00000000 0.00000000 0.00000000 0.00000000 3628800.00000000 |0.03125000

s=14
answers:
  0.793278
  0.198320
  0.008263
  0.000138
  0.000001
  6.816071e-09
  2.581845e-11
  7.092981e-14
  1.477704e-16
  2.414550e-19

s=43
answer[40]:
  1.005818e-131

Original answers:
  0.793278
  0.066107
  0.001653
  0.000020
  1.366289e-07
  6.210403e-10
  1.990514e-12
  4.739319e-15
  8.711983e-18
  1.273682e-20

Original answers[40]:
  1.244552e-133

Time logger:
matrix_creation: 16 ms
SCR matrix division: 109 ms
algorithm_solve: 3578 ms
