Matrix: 7
1.0 1.0 1.0 1.0 1.0 1.0 1.0 1.0 1.0 1.0 |4.0

1.0 2.0 2.0 2.0 2.0 2.0 2.0 2.0 2.0 2.0 |10.0

1.0 2.0 3.0 3.0 3.0 3.0 3.0 3.0 3.0 3.0 |19.0

1.0 2.0 3.0 4.0 4.0 4.0 4.0 4.0 4.0 4.0 |32.5

1.0 2.0 3.0 4.0 5.0 5.0 5.0 5.0 5.0 5.0 |52.75

1.0 2.0 3.0 4.0 5.0 6.0 6.0 6.0 6.0 6.0 |83.125

1.0 2.0 3.0 4.0 5.0 6.0 7.0 7.0 7.0 7.0 |128.6875

1.0 2.0 3.0 4.0 5.0 6.0 7.0 8.0 8.0 8.0 |197.03125

1.0 2.0 3.0 4.0 5.0 6.0 7.0 8.0 9.0 9.0 |299.546875

1.0 2.0 3.0 4.0 5.0 6.0 7.0 8.0 9.0 10.0 |453.3203125

s=800
-2.00000000000000000000 -3.00000000000000000000 -4.50000000000000000000 -6.75000000000000000000 -10.12500000000000000000 -15.18750000000000000000 -22.78125000000000000000 -34.17187500000000000000 -51.25781250000000000000 -76.88671875000000000000 
Time logger:
matrix_creation: 219 ms
SCR matrix division: 100093 ms
algorithm_solve: 1250 ms

answers from formula:
-2.0000000000 -3.0000000000 -4.5000000000 -6.7500000000 -10.1250000000 -15.1875000000 -22.7812500000 -34.1718750000 -51.2578125000 -76.8867187500