Matrix: 1
Gaussian matrix example 1

1.00000000 1.00000000 1.00000000 1.00000000 1.00000000 1.00000000 |1.00000000

0.00000000 2.00000000 12.00000000 30.00000000 56.00000000 90.00000000 |0.75000000

0.00000000 0.00000000 24.00000000 360.00000000 1680.00000000 5040.00000000 |0.56250000

0.00000000 0.00000000 0.00000000 720.00000000 20160.00000000 151200.00000000 |0.42187500

0.00000000 0.00000000 0.00000000 0.00000000 40320.00000000 1814400.00000000 |0.31640625

0.00000000 0.00000000 0.00000000 0.00000000 0.00000000 3628800.00000000 |0.23730469

s=11
answers:
  0.714782
  0.268040
  0.016753
  0.000419
  0.000006
  4.669256e-08
  2.665262e-10
  1.081669e-12
  3.548470e-15
  7.054904e-18

Original answers:
  0.714780
  0.089348
  0.003351
  0.000060
  6.232389e-07
  4.249356e-09
  2.042960e-11
  7.296285e-14
  2.011843e-16
  4.411937e-19

Time logger:
matrix_creation: 16 ms
algorithm_solve: 0 ms
