Matrix: 4
Gaussian full example 2

1.00000000 0.67000000 0.00000000 0.00000000 0.00000000 0.00000000 |1.00000000

1.00000000 1.67000000 0.67000000 0.00000000 0.00000000 0.00000000 |1.75000000

1.00000000 1.67000000 1.67000000 0.67000000 0.00000000 0.00000000 |2.31250000

1.00000000 1.67000000 1.67000000 1.67000000 0.67000000 0.00000000 |2.73437500

1.00000000 1.67000000 1.67000000 1.67000000 1.67000000 0.67000000 |3.05078125

1.00000000 1.67000000 1.67000000 1.67000000 1.67000000 1.67000000 |3.28808594

s=35
answers:
  0.665557
  0.499168
  0.374376
  0.280782
  0.210587
  0.157940
  0.118455
  0.088841
  0.066631
  0.049973

Original answers:
  0.665557
  0.499168
  0.374376
  0.280782
  0.210587
  0.157940
  0.118455
  0.088841
  0.066631
  0.049973

Time logger:
matrix_creation: 0 ms
algorithm_solve: 500 ms
