Matrix: 4
Gaussian full example 2

1.00000000 2.00000000 0.00000000 0.00000000 0.00000000 0.00000000 |1.00000000

1.00000000 3.00000000 2.00000000 0.00000000 0.00000000 0.00000000 |1.25000000

1.00000000 3.00000000 3.00000000 2.00000000 0.00000000 0.00000000 |1.31250000

1.00000000 3.00000000 3.00000000 3.00000000 2.00000000 0.00000000 |1.32812500

1.00000000 3.00000000 3.00000000 3.00000000 3.00000000 2.00000000 |1.33203125

1.00000000 3.00000000 3.00000000 3.00000000 3.00000000 3.00000000 |1.33300781

s=16
answers:
  0.66662597819990820902
  0.16668701109297215379
  0.04165649423129343804
  0.01042175291767081548
  0.00260162353664653923
  0.00065231323222514348
  0.00016212463382888251
  0.00004100799559081381
  0.00001001358032922302
  0.00000262260436671250

Original answers:
  0.66666666666666662966
  0.16666666666666665741
  0.04166666666666666435
  0.01041666666666666609
  0.00260416666666666652
  0.00065104166666666663
  0.00016276041666666666
  0.00004069010416666666
  0.00001017252604166667
  0.00000254313151041667

Time logger:
matrix_creation: 0 ms
algorithm_solve: 78 ms
