Matrix: 3
Gaussian full example 1

1.00000000 1.00000000 1.00000000 1.00000000 1.00000000 1.00000000 |1.77777778

1.00000000 2.00000000 2.00000000 2.00000000 2.00000000 2.00000000 |2.22222222

1.00000000 2.00000000 3.00000000 3.00000000 3.00000000 3.00000000 |2.33333333

1.00000000 2.00000000 3.00000000 4.00000000 4.00000000 4.00000000 |2.36111111

1.00000000 2.00000000 3.00000000 4.00000000 5.00000000 5.00000000 |2.36805556

1.00000000 2.00000000 3.00000000 4.00000000 5.00000000 6.00000000 |2.36979167

s=14
answers:
  1.33333333344158599942
  0.33333333285452382277
  0.08333333319741183243
  0.02083333470966863832
  0.00520833393418778084
  0.00130208151056102994
  0.00032551877545218744
  0.00008137920193818093
  0.00002035234119166260
  0.00000509045739010006

Original answers:
  1.33333333333333325932
  0.33333333333333331483
  0.08333333333333332871
  0.02083333333333333218
  0.00520833333333333304
  0.00130208333333333326
  0.00032552083333333332
  0.00008138020833333333
  0.00002034505208333333
  0.00000508626302083333

Time logger:
matrix_creation: 0 ms
algorithm_solve: 63 ms
