Matrix: 3
Gaussian full example 1

1.00000000 1.00000000 1.00000000 1.00000000 1.00000000 1.00000000 |1.77777778

1.00000000 2.00000000 2.00000000 2.00000000 2.00000000 2.00000000 |2.22222222

1.00000000 2.00000000 3.00000000 3.00000000 3.00000000 3.00000000 |2.33333333

1.00000000 2.00000000 3.00000000 4.00000000 4.00000000 4.00000000 |2.36111111

1.00000000 2.00000000 3.00000000 4.00000000 5.00000000 5.00000000 |2.36805556

1.00000000 2.00000000 3.00000000 4.00000000 5.00000000 6.00000000 |2.36979167

answers:
  1.33333333333333303727
  0.33333333333333348136
  0.08333333333333348136
  0.02083333333333348136
  0.00520833333333303727
  0.00130208333333303727
  0.00032552083333392545
  0.00008138020833303727
  0.00002034505208348136
  0.00000508626302053727

Original answers:
  1.33333333333333325932
  0.33333333333333331483
  0.08333333333333332871
  0.02083333333333333218
  0.00520833333333333304
  0.00130208333333333326
  0.00032552083333333332
  0.00008138020833333333
  0.00002034505208333333
  0.00000508626302083333

Time logger:
matrix_creation: 0 ms
SCR matrix division: 110 ms
algorithm_solve: 15 ms
