Matrix: 2
Gaussian matrix example 2

1.00000000 1.00000000 1.00000000 1.00000000 1.00000000 1.00000000 |1.77777778

0.00000000 1.00000000 1.00000000 1.00000000 1.00000000 1.00000000 |0.44444444

0.00000000 0.00000000 1.00000000 1.00000000 1.00000000 1.00000000 |0.11111111

0.00000000 0.00000000 0.00000000 1.00000000 1.00000000 1.00000000 |0.02777778

0.00000000 0.00000000 0.00000000 0.00000000 1.00000000 1.00000000 |0.00694444

0.00000000 0.00000000 0.00000000 0.00000000 0.00000000 1.00000000 |0.00173611

answers:
  1.33333333333333325932
  0.33333333333333331483
  0.08333333333333332871
  0.02083333333333333218
  0.00520833333333333304
  0.00130208333333333326
  0.00032552083333333332
  0.00008138020833333333
  0.00002034505208333333
  0.00000508626302083333

Original answers:
  1.33333333333333325932
  0.33333333333333331483
  0.08333333333333332871
  0.02083333333333333218
  0.00520833333333333304
  0.00130208333333333326
  0.00032552083333333332
  0.00008138020833333333
  0.00002034505208333333
  0.00000508626302083333

Time logger:
matrix_creation: 0 ms
SCR matrix division: 218 ms
algorithm_solve: 32 ms
