Matrix: 1
Gaussian matrix example 1

1.00000000 1.00000000 1.00000000 1.00000000 1.00000000 1.00000000 |1.00000000

0.00000000 2.00000000 12.00000000 30.00000000 56.00000000 90.00000000 |0.25000000

0.00000000 0.00000000 24.00000000 360.00000000 1680.00000000 5040.00000000 |0.06250000

0.00000000 0.00000000 0.00000000 720.00000000 20160.00000000 151200.00000000 |0.01562500

0.00000000 0.00000000 0.00000000 0.00000000 40320.00000000 1814400.00000000 |0.00390625

0.00000000 0.00000000 0.00000000 0.00000000 0.00000000 3628800.00000000 |0.00097656

s=15
answers:
  0.88681888398343067248
  0.11085236047978108687
  0.00230942414356534930
  0.00001924517433035498
  0.00000008590427445777
  0.00000000026911444555
  0.00000000000050968645
  0.00000000000000070012
  0.00000000000000000073
  0.00000000000000000000

Original answers:
  0.88681888397007402336
  0.03695078683208641301
  0.00046188483540108021
  0.00000274931449643500
  0.00000000954623089040
  0.00000000002169597930
  0.00000000000003476920
  0.00000000000000004139
  0.00000000000000000004
  0.00000000000000000000

Time logger:
matrix_creation: 15 ms
SCR matrix division: 125 ms
algorithm_solve: 16 ms
