Matrix: 2
Gaussian matrix example 2

1.0 1.0 1.0 1.0 1.0 1.0 1.0 1.0 1.0 1.0 |1.0

0.0 2.0 12.0 30.0 56.0 90.0 132.0 182.0 240.0 306.0 |1.5

0.0 0.0 24.0 360.0 1680.0 5040.0 11880.0 24024.0 43680.0 73440.0 |2.25

0.0 0.0 0.0 720.0 20160.0 151200.0 665280.0 2162160.0 5765760.0 13366080.0 |3.375

0.0 0.0 0.0 0.0 40320.0 1814400.0 19958400.0 121080960.0 518918400.0 1764322560.0 |5.0625

0.0 0.0 0.0 0.0 0.0 3628800.0 239500800.0 3632428800.0 29059430400.0 158789030400.0 |7.59375

0.0 0.0 0.0 0.0 0.0 0.0 479001600.0 43589145600.0 871782912000.0 8892185702400.0 |11.390625

0.0 0.0 0.0 0.0 0.0 0.0 0.0 87178291200.0 10461394944000.0 266765571072000.0 |17.0859375

0.0 0.0 0.0 0.0 0.0 0.0 0.0 0.0 20922789888000.0 3201186852864000.0 |25.62890625

0.0 0.0 0.0 0.0 0.0 0.0 0.0 0.0 0.0 6402373705728000.0 |38.443359375

answers:
  0.54096009881786955020
  0.40572007459822834186
  0.05071500956303399282
  0.00253575073768277969
  0.00006792164886170585
  0.00000113238205786523
  0.00000001251270334659
  0.00000000008482624771
  0.00000000000053016405
  0.00000000000000259884

Original answers:
  0.54096009906227449093
  0.13524002476556862273
  0.01014300185741764775
  0.00036225006633634456
  0.00000754687638200718
  0.00000010291195066373
  0.00000000098953798715
  0.00000000000706812848
  0.00000000000003897865
  0.00000000000000017096

Time logger:
matrix_creation: 0 ms
SCR matrix division: 32 ms
algorithm_solve: 63 ms
