Matrix: 3
1.0 1.0 1.0 1.0 1.0 1.0 1.0 1.0 1.0 1.0 |1.0

1.0 3.0 13.0 31.0 57.0 91.0 133.0 183.0 241.0 307.0 |2.5

1.0 3.0 37.0 391.0 1737.0 5131.0 12013.0 24207.0 43921.0 73747.0 |4.75

1.0 3.0 37.0 1111.0 21897.0 156331.0 677293.0 2186367.0 5809681.0 13439827.0 |8.125

1.0 3.0 37.0 1111.0 62217.0 1970731.0 20635693.0 123267327.0 524728081.0 1777762387.0 |13.1875

1.0 3.0 37.0 1111.0 62217.0 5599531.0 260136493.0 3755696127.0 29584158481.0 160566792787.0 |20.78125

1.0 3.0 37.0 1111.0 62217.0 5599531.0 739138093.0 47344841727.0 901367070481.0 9052752495187.0 |32.171875

1.0 3.0 37.0 1111.0 62217.0 5599531.0 739138093.0 134523132927.0 11362762014481.0 275818323567187.0 |49.2578125

1.0 3.0 37.0 1111.0 62217.0 5599531.0 739138093.0 134523132927.0 32285551902481.0 3477005176431187.0 |74.88671875

1.0 3.0 37.0 1111.0 62217.0 5599531.0 739138093.0 134523132927.0 32285551902481.0 9879378882159188.0 |113.330078125

answers:
  0.54096009881786955020
  0.40572007459822834186
  0.05071500956303399282
  0.00253575073768277969
  0.00006792164886170585
  0.00000113238205786523
  0.00000001251270334659
  0.00000000008482624771
  0.00000000000053016405
  0.00000000000000259884

Original answers:
  0.54096009906227449093
  0.13524002476556862273
  0.01014300185741764775
  0.00036225006633634456
  0.00000754687638200718
  0.00000010291195066373
  0.00000000098953798715
  0.00000000000706812848
  0.00000000000003897865
  0.00000000000000017096

Time logger:
matrix_creation: 16 ms
SCR matrix division: 31 ms
algorithm_solve: 62 ms
