Matrix: 1
Gaussian matrix example 1

1.00000000 1.00000000 1.00000000 1.00000000 1.00000000 1.00000000 |1.00000000

0.00000000 2.00000000 12.00000000 30.00000000 56.00000000 90.00000000 |2.00000000

0.00000000 0.00000000 24.00000000 360.00000000 1680.00000000 5040.00000000 |4.00000000

0.00000000 0.00000000 0.00000000 720.00000000 20160.00000000 151200.00000000 |8.00000000

0.00000000 0.00000000 0.00000000 0.00000000 40320.00000000 1814400.00000000 |16.00000000

0.00000000 0.00000000 0.00000000 0.00000000 0.00000000 3628800.00000000 |32.00000000

answers:
  0.45907878438058202786
  0.45912199912583473438
  0.07651144751180706527
  0.00510149398499795941
  0.00018216401339256024
  0.00000404897197758130
  0.00000006094120269999
  0.00000000022839529012
  0.00000000000190329408
  0.00000000000001243983

Original answers:
  0.45909813108542568694
  0.15303271036180854381
  0.01530327103618085716
  0.00072872719219908833
  0.00002024242200553023
  0.00000036804403646419
  0.00000000471851328800
  0.00000000004493822179
  0.00000000000033042810
  0.00000000000000193233

Time logger:
matrix_creation: 16 ms
SCR matrix division: 31 ms
algorithm_solve: 47 ms
