Matrix: 4
Gaussian full example 2

1.00000000 2.00000000 0.00000000 0.00000000 0.00000000 0.00000000 |1.00000000

1.00000000 3.00000000 2.00000000 0.00000000 0.00000000 0.00000000 |1.25000000

1.00000000 3.00000000 3.00000000 2.00000000 0.00000000 0.00000000 |1.31250000

1.00000000 3.00000000 3.00000000 3.00000000 2.00000000 0.00000000 |1.32812500

1.00000000 3.00000000 3.00000000 3.00000000 3.00000000 2.00000000 |1.33203125

1.00000000 3.00000000 3.00000000 3.00000000 3.00000000 3.00000000 |1.33300781

answers:
  0.66666667163372039795
  0.16666666418313980103
  0.04166666790843009949
  0.01041666604578495026
  0.00260416697710752487
  0.00065104197710752487
  0.00016276072710752487
  0.00004069041460752487
  0.00001017283648252487
  0.00000254344195127487

Original answers:
  0.66666666666666662966
  0.16666666666666665741
  0.04166666666666666435
  0.01041666666666666609
  0.00260416666666666652
  0.00065104166666666663
  0.00016276041666666666
  0.00004069010416666666
  0.00001017252604166667
  0.00000254313151041667

Time logger:
matrix_creation: 15 ms
SCR matrix division: 32 ms
algorithm_solve: 47 ms
