Matrix: 1
Gaussian matrix example 1

1.00000000 1.00000000 1.00000000 1.00000000 1.00000000 1.00000000 |1.00000000

0.00000000 2.00000000 12.00000000 30.00000000 56.00000000 90.00000000 |0.50000000

0.00000000 0.00000000 24.00000000 360.00000000 1680.00000000 5040.00000000 |0.25000000

0.00000000 0.00000000 0.00000000 720.00000000 20160.00000000 151200.00000000 |0.12500000

0.00000000 0.00000000 0.00000000 0.00000000 40320.00000000 1814400.00000000 |0.06250000

0.00000000 0.00000000 0.00000000 0.00000000 0.00000000 3628800.00000000 |0.03125000

answers:
  0.79327818178862741227
  0.19831954538448484660
  0.00826331434031470427
  0.00013772201245988049
  0.00000122954624436917
  0.00000000681607087360
  0.00000000002581845028
  0.00000000000007092981
  0.00000000000000014777
  0.00000000000000000024

Original answers:
  0.79327818174638686788
  0.06610651514553222974
  0.00165266287863830605
  0.00001967455807902745
  0.00000013662887554880
  0.00000000062104034340
  0.00000000000199051392
  0.00000000000000473932
  0.00000000000000000871
  0.00000000000000000001

Time logger:
matrix_creation: 15 ms
SCR matrix division: 31 ms
algorithm_solve: 47 ms
