Matrix: 1
Gaussian matrix example 1

1.00000000 1.00000000 1.00000000 1.00000000 1.00000000 1.00000000 |1.00000000

0.00000000 2.00000000 12.00000000 30.00000000 56.00000000 90.00000000 |1.50000000

0.00000000 0.00000000 24.00000000 360.00000000 1680.00000000 5040.00000000 |2.25000000

0.00000000 0.00000000 0.00000000 720.00000000 20160.00000000 151200.00000000 |3.37500000

0.00000000 0.00000000 0.00000000 0.00000000 40320.00000000 1814400.00000000 |5.06250000

0.00000000 0.00000000 0.00000000 0.00000000 0.00000000 3628800.00000000 |7.59375000

s=9
answers:
  0.56525998598569393572
  0.37574131556919648789
  0.05687909807477677798
  0.00202880859375000012
  0.00009024483816964286
  0.00000052315848214286
  0.00000002377993100649
  0.00000000019598844236
  0.00000000000000000000
  0.00000000000000000000

Original answers:
  0.54096009906227449093
  0.13524002476556862273
  0.01014300185741764775
  0.00036225006633634456
  0.00000754687638200718
  0.00000010291195066373
  0.00000000098953798715
  0.00000000000706812848
  0.00000000000003897865
  0.00000000000000017096

Time logger:
matrix_creation: 0 ms
algorithm_solve: 0 ms
