Matrix: 1
Gaussian matrix example 1

1.00000000 1.00000000 1.00000000 1.00000000 1.00000000 1.00000000 |1.00000000

0.00000000 2.00000000 12.00000000 30.00000000 56.00000000 90.00000000 |2.00000000

0.00000000 0.00000000 24.00000000 360.00000000 1680.00000000 5040.00000000 |4.00000000

0.00000000 0.00000000 0.00000000 720.00000000 20160.00000000 151200.00000000 |8.00000000

0.00000000 0.00000000 0.00000000 0.00000000 40320.00000000 1814400.00000000 |16.00000000

0.00000000 0.00000000 0.00000000 0.00000000 0.00000000 3628800.00000000 |32.00000000

s=10
answers:
  0.32805421797485301294
  0.62076706215595101046
  0.04327454438565549871
  0.00783509700176366827
  0.00006172839506172840
  0.00000734861845972957
  0.00000000000000000000
  0.00000000146825543651
  0.00000000001223546197
  0.00000000000000000000

Original answers:
  0.45909813108542568694
  0.15303271036180854381
  0.01530327103618085716
  0.00072872719219908833
  0.00002024242200553023
  0.00000036804403646419
  0.00000000471851328800
  0.00000000004493822179
  0.00000000000033042810
  0.00000000000000193233

Time logger:
matrix_creation: 0 ms
algorithm_solve: 0 ms
