Matrix: 4
Gaussian full example 2

1.00000000 0.25000000 0.00000000 0.00000000 0.00000000 0.00000000 |1.00000000

1.00000000 1.25000000 0.25000000 0.00000000 0.00000000 0.00000000 |3.00000000

1.00000000 1.25000000 1.25000000 0.25000000 0.00000000 0.00000000 |7.00000000

1.00000000 1.25000000 1.25000000 1.25000000 0.25000000 0.00000000 |15.00000000

1.00000000 1.25000000 1.25000000 1.25000000 1.25000000 0.25000000 |31.00000000

1.00000000 1.25000000 1.25000000 1.25000000 1.25000000 1.25000000 |63.00000000

s=100
answers:
  0.66666666666666674068
  1.33333333333333325932
  2.66666666666666696273
  5.33333333333333303727
  10.66666666666666785090
  21.33333333333333214910
  42.66666666666667140362
  85.33333333333332859638
  170.66666666666668561447
  341.33333333333331438553

Original answers:
  0.66666666666666662966
  1.33333333333333325932
  2.66666666666666651864
  5.33333333333333303727
  10.66666666666666607455
  21.33333333333333214910
  42.66666666666666429819
  85.33333333333332859638
  170.66666666666665719276
  341.33333333333331438553

Time logger:
matrix_creation: 0 ms
algorithm_solve: 16062 ms
