Matrix: 2
Gaussian matrix example 2

1.00000000 1.00000000 1.00000000 1.00000000 1.00000000 1.00000000 |4.00000000

0.00000000 1.00000000 1.00000000 1.00000000 1.00000000 1.00000000 |2.00000000

0.00000000 0.00000000 1.00000000 1.00000000 1.00000000 1.00000000 |1.00000000

0.00000000 0.00000000 0.00000000 1.00000000 1.00000000 1.00000000 |0.50000000

0.00000000 0.00000000 0.00000000 0.00000000 1.00000000 1.00000000 |0.25000000

0.00000000 0.00000000 0.00000000 0.00000000 0.00000000 1.00000000 |0.12500000

answers:
  2.00000000000000000000
  1.00000000000000000000
  0.50000000000000000000
  0.25000000000000000000
  0.12500000000000000000
  0.06250000000000000000
  0.03125000000000000000
  0.01562500000000000000
  0.00781250000000000000
  0.00390625000000000000

Original answers:
  2.00000000000000000000
  1.00000000000000000000
  0.50000000000000000000
  0.25000000000000000000
  0.12500000000000000000
  0.06250000000000000000
  0.03125000000000000000
  0.01562500000000000000
  0.00781250000000000000
  0.00390625000000000000

Time logger:
matrix_creation: 0 ms
SCR matrix division: 203 ms
algorithm_solve: 250 ms
