Matrix: 2
Gaussian matrix example 2

1.00000000 1.00000000 1.00000000 1.00000000 1.00000000 1.00000000 |4.00000000

0.00000000 1.00000000 1.00000000 1.00000000 1.00000000 1.00000000 |6.00000000

0.00000000 0.00000000 1.00000000 1.00000000 1.00000000 1.00000000 |9.00000000

0.00000000 0.00000000 0.00000000 1.00000000 1.00000000 1.00000000 |13.50000000

0.00000000 0.00000000 0.00000000 0.00000000 1.00000000 1.00000000 |20.25000000

0.00000000 0.00000000 0.00000000 0.00000000 0.00000000 1.00000000 |30.37500000

answers:
  -2.00000000000000000000
  -3.00000000000000000000
  -4.50000000000000000000
  -6.75000000000000000000
  -10.12500000000000000000
  -15.18750000000000000000
  -22.78125000000000000000
  -34.17187500000000000000
  -51.25781250000000000000
  -76.88671875000000000000

Original answers:
  -2.00000000000000000000
  -3.00000000000000000000
  -4.50000000000000000000
  -6.75000000000000000000
  -10.12500000000000000000
  -15.18750000000000000000
  -22.78125000000000000000
  -34.17187500000000000000
  -51.25781250000000000000
  -76.88671875000000000000

Time logger:
matrix_creation: 0 ms
SCR matrix division: 203 ms
algorithm_solve: 234 ms
