Matrix: 3
Gaussian full example 1

1.00000000 1.00000000 1.00000000 1.00000000 1.00000000 1.00000000 |4.00000000

1.00000000 2.00000000 2.00000000 2.00000000 2.00000000 2.00000000 |6.00000000

1.00000000 2.00000000 3.00000000 3.00000000 3.00000000 3.00000000 |7.00000000

1.00000000 2.00000000 3.00000000 4.00000000 4.00000000 4.00000000 |7.50000000

1.00000000 2.00000000 3.00000000 4.00000000 5.00000000 5.00000000 |7.75000000

1.00000000 2.00000000 3.00000000 4.00000000 5.00000000 6.00000000 |7.87500000

answers:
  2.00000000000000000000
  1.00000000000000000000
  0.50000000000000000000
  0.25000000000000000000
  0.12500000000000000000
  0.06250000000000000000
  0.03125000000000000000
  0.01562500000000000000
  0.00781250000000000000
  0.00390625000000000000

Original answers:
  2.00000000000000000000
  1.00000000000000000000
  0.50000000000000000000
  0.25000000000000000000
  0.12500000000000000000
  0.06250000000000000000
  0.03125000000000000000
  0.01562500000000000000
  0.00781250000000000000
  0.00390625000000000000

Time logger:
matrix_creation: 0 ms
SCR matrix division: 109 ms
algorithm_solve: 141 ms
