Matrix: 3
Gaussian full example 1

1.00000000 1.00000000 1.00000000 1.00000000 1.00000000 1.00000000 |4.00000000

1.00000000 2.00000000 2.00000000 2.00000000 2.00000000 2.00000000 |10.00000000

1.00000000 2.00000000 3.00000000 3.00000000 3.00000000 3.00000000 |19.00000000

1.00000000 2.00000000 3.00000000 4.00000000 4.00000000 4.00000000 |32.50000000

1.00000000 2.00000000 3.00000000 4.00000000 5.00000000 5.00000000 |52.75000000

1.00000000 2.00000000 3.00000000 4.00000000 5.00000000 6.00000000 |83.12500000

answers:
  -2.00000000000000000000
  -3.00000000000000000000
  -4.50000000000000000000
  -6.75000000000000000000
  -10.12500000000000000000
  -15.18750000000000000000
  -22.78125000000000000000
  -34.17187500000000000000
  -51.25781250000000000000
  -76.88671875000000000000

Original answers:
  -2.00000000000000000000
  -3.00000000000000000000
  -4.50000000000000000000
  -6.75000000000000000000
  -10.12500000000000000000
  -15.18750000000000000000
  -22.78125000000000000000
  -34.17187500000000000000
  -51.25781250000000000000
  -76.88671875000000000000

Time logger:
matrix_creation: 0 ms
SCR matrix division: 109 ms
algorithm_solve: 141 ms
