Matrix: 4
Gaussian full example 2

1.00000000 0.25000000 0.00000000 0.00000000 0.00000000 0.00000000 |1.00000000

1.00000000 1.25000000 0.25000000 0.00000000 0.00000000 0.00000000 |3.00000000

1.00000000 1.25000000 1.25000000 0.25000000 0.00000000 0.00000000 |7.00000000

1.00000000 1.25000000 1.25000000 1.25000000 0.25000000 0.00000000 |15.00000000

1.00000000 1.25000000 1.25000000 1.25000000 1.25000000 0.25000000 |31.00000000

1.00000000 1.25000000 1.25000000 1.25000000 1.25000000 1.25000000 |63.00000000

s=100
answers:
  0.66666666697710752487
  1.33333333302289247513
  2.66666666697710752487
  5.33333333302289247513
  10.66666666697710752487
  21.33333333302289247513
  42.66666666697710752487
  85.33333333302289247513
  170.66666666697710752487
  341.33333333302289247513

Original answers:
  0.66666666666666662966
  1.33333333333333325932
  2.66666666666666651864
  5.33333333333333303727
  10.66666666666666607455
  21.33333333333333214910
  42.66666666666666429819
  85.33333333333332859638
  170.66666666666665719276
  341.33333333333331438553

Time logger:
matrix_creation: 0 ms
SCR matrix division: 219 ms
algorithm_solve: 766 ms
