Matrix: 2
Gaussian matrix example 2

1.00000000 1.00000000 1.00000000 1.00000000 1.00000000 1.00000000 |1.00000000

0.00000000 1.00000000 1.00000000 1.00000000 1.00000000 1.00000000 |2.00000000

0.00000000 0.00000000 1.00000000 1.00000000 1.00000000 1.00000000 |4.00000000

0.00000000 0.00000000 0.00000000 1.00000000 1.00000000 1.00000000 |8.00000000

0.00000000 0.00000000 0.00000000 0.00000000 1.00000000 1.00000000 |16.00000000

0.00000000 0.00000000 0.00000000 0.00000000 0.00000000 1.00000000 |32.00000000

s=100
answers:
  -1.00000000000000000000
  -2.00000000000000000000
  -4.00000000000000000000
  -8.00000000000000000000
  -16.00000000000000000000
  -32.00000000000000000000
  -64.00000000000000000000
  -128.00000000000000000000
  -256.00000000000000000000
  -512.00000000000000000000

Original answers:
  -1.00000000000000000000
  -2.00000000000000000000
  -4.00000000000000000000
  -8.00000000000000000000
  -16.00000000000000000000
  -32.00000000000000000000
  -64.00000000000000000000
  -128.00000000000000000000
  -256.00000000000000000000
  -512.00000000000000000000

Time logger:
matrix_creation: 0 ms
SCR matrix division: 219 ms
algorithm_solve: 63 ms
