Matrix: 3
Gaussian full example 1

1.00000000 1.00000000 1.00000000 1.00000000 1.00000000 1.00000000 |1.00000000

1.00000000 2.00000000 2.00000000 2.00000000 2.00000000 2.00000000 |3.00000000

1.00000000 2.00000000 3.00000000 3.00000000 3.00000000 3.00000000 |7.00000000

1.00000000 2.00000000 3.00000000 4.00000000 4.00000000 4.00000000 |15.00000000

1.00000000 2.00000000 3.00000000 4.00000000 5.00000000 5.00000000 |31.00000000

1.00000000 2.00000000 3.00000000 4.00000000 5.00000000 6.00000000 |63.00000000

s=80
answers:
  -1.00000000000000000000
  -2.00000000000000000000
  -4.00000000000000000000
  -8.00000000000000000000
  -16.00000000000000000000
  -32.00000000000000000000
  -64.00000000000000000000
  -128.00000000000000000000
  -256.00000000000000000000
  -512.00000000000000000000

Original answers:
  -1.00000000000000000000
  -2.00000000000000000000
  -4.00000000000000000000
  -8.00000000000000000000
  -16.00000000000000000000
  -32.00000000000000000000
  -64.00000000000000000000
  -128.00000000000000000000
  -256.00000000000000000000
  -512.00000000000000000000

Time logger:
matrix_creation: 0 ms
SCR matrix division: 125 ms
algorithm_solve: 47 ms
