Matrix: 5
Gaussian full example 3

0.70814019 -0.01000000 0.00147929 -0.00040000 0.00014872 -0.00006719 |1.00000000

0.81000000 -1.42969889 0.07006920 -0.02407848 0.01000000 -0.00479290 |1.00000000

0.92455621 -0.54065744 2.21350411 -0.11413440 0.05562478 -0.02932070 |1.00000000

0.96040000 -0.71373365 0.43845873 -2.99889360 0.14207101 -0.08307958 |1.00000000

0.97575848 -0.81000000 0.58392666 -0.38822485 3.78429174 -0.16079306 |1.00000000

0.98367374 -0.86633136 0.68685494 -0.50660900 0.35881286 -4.56968990 |1.00000000

s=20
answers:
  1.41377023775822752150
  0.09429538219782655772
  -0.10960883699078417808
  0.07651079402291334486
  -0.05235058599354117798
  0.03648882266496451809
  -0.02596654191384636587
  0.01879946105289726985
  -0.01378621995131510888
  0.01019586588982053163

Original answers:
  1.41379999999999994564
  0.09450000000000000067
  -0.10929999999999999438
  0.07699999999999999900
  -0.05099999999999999672
  0.03710000000000000103
  -0.02639999999999999986
  0.01930000000000000118
  -0.01409999999999999969
  0.01030000000000000013

Time logger:
matrix_creation: 15 ms
SCR matrix division: 235 ms
algorithm_solve: 406 ms
