Matrix: 2
Gaussian matrix example 2

1.00000000 1.00000000 1.00000000 1.00000000 1.00000000 1.00000000 |4.00000000

0.00000000 1.00000000 1.00000000 1.00000000 1.00000000 1.00000000 |2.00000000

0.00000000 0.00000000 1.00000000 1.00000000 1.00000000 1.00000000 |1.00000000

0.00000000 0.00000000 0.00000000 1.00000000 1.00000000 1.00000000 |0.50000000

0.00000000 0.00000000 0.00000000 0.00000000 1.00000000 1.00000000 |0.25000000

0.00000000 0.00000000 0.00000000 0.00000000 0.00000000 1.00000000 |0.12500000

s=99
answers:
  2.000000
  1.000000
  0.500000
  0.250000
  0.125000
  0.062500
  0.031250
  0.015625
  0.007812
  0.003906

s=43
answer[40]:
  1.818989e-12

Original answers:
  2.000000
  1.000000
  0.500000
  0.250000
  0.125000
  0.062500
  0.031250
  0.015625
  0.007812
  0.003906

Original answers[40]:
  1.818989e-12

Time logger:
matrix_creation: 15 ms
SCR matrix division: 203 ms
algorithm_solve: 16 ms
