Matrix: 1
Gaussian matrix example 1

1.00000000 1.00000000 1.00000000 1.00000000 1.00000000 1.00000000 |1.00000000

0.00000000 2.00000000 12.00000000 30.00000000 56.00000000 90.00000000 |0.25000000

0.00000000 0.00000000 24.00000000 360.00000000 1680.00000000 5040.00000000 |0.06250000

0.00000000 0.00000000 0.00000000 720.00000000 20160.00000000 151200.00000000 |0.01562500

0.00000000 0.00000000 0.00000000 0.00000000 40320.00000000 1814400.00000000 |0.00390625

0.00000000 0.00000000 0.00000000 0.00000000 0.00000000 3628800.00000000 |0.00097656

s=15
answers:
  0.886819
  0.110852
  0.002309
  0.000019
  8.590427e-08
  2.691144e-10
  5.096864e-13
  7.001187e-16
  7.292904e-19
  5.958255e-22

Original answers:
  0.886819
  0.036951
  0.000462
  0.000003
  9.546231e-09
  2.169598e-11
  3.476920e-14
  4.139190e-17
  3.804403e-20
  2.780996e-23

Time logger:
matrix_creation: 16 ms
SCR matrix division: 125 ms
algorithm_solve: 16 ms
