Matrix: 5
Gaussian full example 3

0.70814019 -0.01000000 0.00147929 -0.00040000 0.00014872 -0.00006719 |1.00000000

0.81000000 -1.42969889 0.07006920 -0.02407848 0.01000000 -0.00479290 |1.00000000

0.92455621 -0.54065744 2.21350411 -0.11413440 0.05562478 -0.02932070 |1.00000000

0.96040000 -0.71373365 0.43845873 -2.99889360 0.14207101 -0.08307958 |1.00000000

0.97575848 -0.81000000 0.58392666 -0.38822485 3.78429174 -0.16079306 |1.00000000

0.98367374 -0.86633136 0.68685494 -0.50660900 0.35881286 -4.56968990 |1.00000000

s=0
answers:
  1.413770
  0.094295
  -1.096088e-01
  0.076511
  -5.235059e-02
  0.036489
  -2.596654e-02
  0.018799
  -1.378622e-02
  0.010196

Original answers:
  1.413800
  0.094500
  -1.093000e-01
  0.077000
  -5.100000e-02
  0.037100
  -2.640000e-02
  0.019300
  -1.410000e-02
  0.010300

Time logger:
matrix_creation: 15 ms
SCR matrix division: 203 ms
algorithm_solve: 31 ms
