Matrix: 4
Gaussian full example 2

1.00000000 1.00000000 0.00000000 0.00000000 0.00000000 0.00000000 |1.00000000

1.00000000 2.00000000 1.00000000 0.00000000 0.00000000 0.00000000 |1.50000000

1.00000000 2.00000000 2.00000000 1.00000000 0.00000000 0.00000000 |1.75000000

1.00000000 2.00000000 2.00000000 2.00000000 1.00000000 0.00000000 |1.87500000

1.00000000 2.00000000 2.00000000 2.00000000 2.00000000 1.00000000 |1.93750000

1.00000000 2.00000000 2.00000000 2.00000000 2.00000000 2.00000000 |1.96875000

s=30
answers:
  0.666667
  0.333333
  0.166667
  0.083333
  0.041667
  0.020833
  0.010417
  0.005208
  0.002604
  0.001302

s=43
answer[40]:
  5.684342e-13

Original answers:
  0.666667
  0.333333
  0.166667
  0.083333
  0.041667
  0.020833
  0.010417
  0.005208
  0.002604
  0.001302

Original answers[40]:
  6.063298e-13

Time logger:
matrix_creation: 16 ms
SCR matrix division: 203 ms
algorithm_solve: 15 ms
