Matrix: 6
1.0 0.5 0.16666666666666666 0.041666666666666664 0.008333333333333333 0.001388888888888889 0.0001984126984126984 2.48015873015873e-05 2.7557319223985893e-06 2.755731922398589e-07 |4.0

1.0 1.0 0.3333333333333333 0.08333333333333333 0.016666666666666666 0.002777777777777778 0.0003968253968253968 4.96031746031746e-05 5.5114638447971785e-06 5.511463844797178e-07 |10.0

1.0 1.0 0.5 0.125 0.025 0.004166666666666667 0.0005952380952380953 7.440476190476191e-05 8.267195767195768e-06 8.267195767195766e-07 |19.0

1.0 1.0 0.5 0.16666666666666666 0.03333333333333333 0.005555555555555556 0.0007936507936507937 9.92063492063492e-05 1.1022927689594357e-05 1.1022927689594355e-06 |32.5

1.0 1.0 0.5 0.16666666666666666 0.041666666666666664 0.006944444444444445 0.000992063492063492 0.0001240079365079365 1.3778659611992946e-05 1.3778659611992944e-06 |52.75

1.0 1.0 0.5 0.16666666666666666 0.041666666666666664 0.008333333333333333 0.0011904761904761904 0.0001488095238095238 1.6534391534391536e-05 1.6534391534391533e-06 |83.125

1.0 1.0 0.5 0.16666666666666666 0.041666666666666664 0.008333333333333333 0.0013888888888888887 0.0001736111111111111 1.9290123456790126e-05 1.929012345679012e-06 |128.6875

1.0 1.0 0.5 0.16666666666666666 0.041666666666666664 0.008333333333333333 0.0013888888888888887 0.00019841269841269839 2.2045855379188714e-05 2.204585537918871e-06 |197.03125

1.0 1.0 0.5 0.16666666666666666 0.041666666666666664 0.008333333333333333 0.0013888888888888887 0.00019841269841269839 2.48015873015873e-05 2.48015873015873e-06 |299.546875

1.0 1.0 0.5 0.16666666666666666 0.041666666666666664 0.008333333333333333 0.0013888888888888887 0.00019841269841269839 2.48015873015873e-05 2.7557319223985893e-06 |453.3203125

s=40
-2.00000000000000000000 -5.99999999999999644729 -27.00000000000002131628 -162.00000000000005684342 -1215.00000000000000000000 -10935.00000000000363797881 -114817.50000000069849193096 -1377810.00000000093132257462 -18600435.00000001490116119385 -279006524.99999988079071044922 
Time logger:
matrix_creation: 31 ms
SCR matrix division: 16 ms
algorithm_solve: 31 ms

answers from formula:
-2 -6 -27 -162 -1215 -10935 -114817.5 -1377810 -18600435 -279006525
