Matrix: 3
Gaussian full example 1

1.00000000 1.00000000 1.00000000 1.00000000 1.00000000 1.00000000 |1.77777778

1.00000000 2.00000000 2.00000000 2.00000000 2.00000000 2.00000000 |2.22222222

1.00000000 2.00000000 3.00000000 3.00000000 3.00000000 3.00000000 |2.33333333

1.00000000 2.00000000 3.00000000 4.00000000 4.00000000 4.00000000 |2.36111111

1.00000000 2.00000000 3.00000000 4.00000000 5.00000000 5.00000000 |2.36805556

1.00000000 2.00000000 3.00000000 4.00000000 5.00000000 6.00000000 |2.36979167

s=14
answers:
  1.333333
  0.333333
  0.083333
  0.020833
  0.005208
  0.001302
  0.000326
  0.000081
  0.000020
  0.000005

Original answers:
  1.333333
  0.333333
  0.083333
  0.020833
  0.005208
  0.001302
  0.000326
  0.000081
  0.000020
  0.000005

Time logger:
matrix_creation: 0 ms
algorithm_solve: 78 ms
