Matrix: 5
0.708140191937003 -0.010000000000000002 0.0014792899408284025 -0.0004 0.000148720999405116 -6.718624025799517e-05 3.460207612456747e-05 -1.9578667084344897e-05 1.1890606420927467e-05 -7.631024693995909e-06 |1.0

0.81 -1.4296988901846 0.07006920415224914 -0.024078478002378122 0.010000000000000002 -0.004792899408284024 0.0025564953919959598 -0.0014792899408284025 0.0009121210756272241 -0.000591672753834916 |1.0

0.9245562130177515 -0.5406574394463669 2.2135041127268167 -0.1141344046749452 0.055624777500889996 -0.02932069806717958 0.016606440641938565 -0.010000000000000002 0.00633899955373443 -0.004194743483046524 |1.0

0.9603999999999999 -0.7137336504161713 0.4384587289992696 -2.9988936043690964 0.14207100591715977 -0.08307958477508649 0.050521841595825276 -0.03198092599499174 0.021016420993662684 -0.01428316478286734 |1.0

0.9757584770969661 -0.81 0.583926664293343 -0.38822485207100593 3.7842917353898384 -0.16079305950397021 0.104976 -0.07006920415224914 0.0479254930606282 -0.03358346471202473 |1.0

0.9836737436173072 -0.8663313609467456 0.6868549446425221 -0.5066089965397924 0.3588128614841682 -4.56968989868625 0.17409036860879906 -0.12229777139229511 0.08709696609161213 -0.06301974828257088 |1.0

0.9882698961937717 -0.901432899886378 0.758874481879052 -0.6009805571921556 0.45697600000000005 -0.33960760998810946 5.355088062083414 -0.18398438506531992 0.1361577773116455 -0.10167675329298682 |1.0

0.9911700211449604 -0.9245562130177515 0.81 -0.6743166924183495 0.5406574394463669 -0.4228758060743761 0.32611636476075134 -6.140486225480862 0.1916191009704916 -0.14742454775244906 |1.0

0.993115338882283 -0.9405094365118688 0.8471033307639255 -0.7310755925912958 0.6100876552227904 -0.4968530636525877 0.39816651093609956 -0.3161327196475344 6.925884388878311 -0.19768284023668642 |1.0

0.9944827691462409 -0.9519430241051863 0.8746610647265698 -0.7752587745389649 0.6670676276079524 -0.5609450594858904 0.463940904236383 -0.37950645901524765 0.30845207100591715 -7.711282552275756 |1.0

s=100
1.  1.41377023584357330854
2.  0.09429538350215831144
3.  -0.10960883905142719541
4.  0.07651079825269782586
5.  -0.05235059182142389606
6.  0.03648882984404102497
7.  -0.02596654942383355355
8.  0.01879946964438098875
9.  -0.01378622759103862762
10. 0.01019587221149837603

Time logger:
matrix_creation: 31 ms
SCR matrix division: 172 ms
algorithm_solve: 1281 ms
