Matrix: 4
Gaussian full example 2

1.00000000 2.00000000 0.00000000 0.00000000 0.00000000 0.00000000 |1.00000000

1.00000000 3.00000000 2.00000000 0.00000000 0.00000000 0.00000000 |1.25000000

1.00000000 3.00000000 3.00000000 2.00000000 0.00000000 0.00000000 |1.31250000

1.00000000 3.00000000 3.00000000 3.00000000 2.00000000 0.00000000 |1.32812500

1.00000000 3.00000000 3.00000000 3.00000000 3.00000000 2.00000000 |1.33203125

1.00000000 3.00000000 3.00000000 3.00000000 3.00000000 3.00000000 |1.33300781

s=16
answers:
  0.666626
  0.166687
  0.041656
  0.010422
  0.002602
  0.000652
  0.000162
  0.000041
  0.000010
  0.000003

Original answers:
  0.666667
  0.166667
  0.041667
  0.010417
  0.002604
  0.000651
  0.000163
  0.000041
  0.000010
  0.000003

Time logger:
matrix_creation: 0 ms
algorithm_solve: 79 ms
